float mono_xy [95][3] = {
  { 0.182218f, 0.019978f, 0.797804f }, //360
  { 0.182098f, 0.019938f, 0.797964f }, //365
  { 0.181923f, 0.019879f, 0.798198f }, //370
  { 0.181671f, 0.019797f, 0.798532f }, //375
  { 0.181333f, 0.019685f, 0.798982f }, //380
  { 0.180906f, 0.019542f, 0.799552f }, //385
  { 0.180313f, 0.019348f, 0.800339f }, //390
  { 0.179466f, 0.019044f, 0.801491f }, //395
  { 0.178387f, 0.018711f, 0.802902f }, //400
  { 0.177122f, 0.018402f, 0.804476f }, //405
  { 0.175488f, 0.018134f, 0.806378f }, //410
  { 0.173231f, 0.017806f, 0.808963f }, //415
  { 0.170634f, 0.017849f, 0.811517f }, //420
  { 0.167902f, 0.018708f, 0.813390f }, //425
  { 0.165027f, 0.020283f, 0.814690f }, //430
  { 0.162170f, 0.022487f, 0.815343f }, //435
  { 0.159022f, 0.025725f, 0.815253f }, //440
  { 0.155391f, 0.030017f, 0.814592f }, //445
  { 0.151001f, 0.036439f, 0.812560f }, //450
  { 0.145945f, 0.045217f, 0.808838f }, //455
  { 0.138922f, 0.058920f, 0.802158f }, //460
  { 0.129520f, 0.077870f, 0.792610f }, //465
  { 0.115180f, 0.109040f, 0.775780f }, //470
  { 0.095732f, 0.159090f, 0.745178f }, //475
  { 0.072777f, 0.229239f, 0.697984f }, //480
  { 0.045167f, 0.327343f, 0.627490f }, //485
  { 0.020987f, 0.440113f, 0.538900f }, //490
  { 0.007302f, 0.562523f, 0.430175f }, //495
  { 0.005586f, 0.674543f, 0.319871f }, //500
  { 0.021874f, 0.752578f, 0.225548f }, //505
  { 0.049540f, 0.802302f, 0.148157f }, //510
  { 0.085024f, 0.816976f, 0.098000f }, //515
  { 0.125236f, 0.810194f, 0.064569f }, //520
  { 0.166408f, 0.792172f, 0.041421f }, //525
  { 0.207057f, 0.766282f, 0.026661f }, //530
  { 0.243642f, 0.739873f, 0.016486f }, //535
  { 0.278588f, 0.711300f, 0.010112f }, //540
  { 0.313230f, 0.681278f, 0.005492f }, //545
  { 0.347296f, 0.650090f, 0.002614f }, //550
  { 0.381161f, 0.618164f, 0.000675f }, //555
  { 0.414213f, 0.585787f, 0.000000f }, //560
  { 0.446924f, 0.553076f, 0.000000f }, //565
  { 0.479038f, 0.520962f, 0.000000f }, //570
  { 0.509641f, 0.490359f, 0.000000f }, //575
  { 0.538560f, 0.461440f, 0.000000f }, //580
  { 0.565444f, 0.434556f, 0.000000f }, //585
  { 0.589960f, 0.410040f, 0.000000f }, //590
  { 0.611597f, 0.388403f, 0.000000f }, //595
  { 0.630629f, 0.369371f, 0.000000f }, //600
  { 0.647127f, 0.352873f, 0.000000f }, //605
  { 0.661224f, 0.338776f, 0.000000f }, //610
  { 0.673055f, 0.326945f, 0.000000f }, //615
  { 0.682660f, 0.317340f, 0.000000f }, //620
  { 0.689759f, 0.310241f, 0.000000f }, //625
  { 0.695483f, 0.304517f, 0.000000f }, //630
  { 0.700989f, 0.299011f, 0.000000f }, //635
  { 0.705873f, 0.294127f, 0.000000f }, //640
  { 0.710249f, 0.289751f, 0.000000f }, //645
  { 0.713713f, 0.286287f, 0.000000f }, //650
  { 0.715619f, 0.284381f, 0.000000f }, //655
  { 0.716790f, 0.283210f, 0.000000f }, //660
  { 0.717887f, 0.282113f, 0.000000f }, //665
  { 0.718732f, 0.281268f, 0.000000f }, //670
  { 0.719344f, 0.280656f, 0.000000f }, //675
  { 0.719763f, 0.280237f, 0.000000f }, //680
  { 0.720016f, 0.279984f, 0.000000f }, //685
  { 0.720160f, 0.279840f, 0.000000f }, //690
  { 0.720296f, 0.279704f, 0.000000f }, //695
  { 0.720358f, 0.279642f, 0.000000f }, //700
  { 0.720324f, 0.279676f, 0.000000f }, //705
  { 0.720227f, 0.279773f, 0.000000f }, //710
  { 0.720090f, 0.279910f, 0.000000f }, //715
  { 0.719911f, 0.280089f, 0.000000f }, //720
  { 0.719694f, 0.280306f, 0.000000f }, //725
  { 0.719447f, 0.280553f, 0.000000f }, //730
  { 0.719186f, 0.280814f, 0.000000f }, //735
  { 0.718906f, 0.281094f, 0.000000f }, //740
  { 0.718609f, 0.281391f, 0.000000f }, //745
  { 0.718292f, 0.281708f, 0.000000f }, //750
  { 0.717959f, 0.282041f, 0.000000f }, //755
  { 0.717607f, 0.282393f, 0.000000f }, //760
  { 0.717240f, 0.282760f, 0.000000f }, //765
  { 0.716859f, 0.283141f, 0.000000f }, //770
  { 0.716464f, 0.283536f, 0.000000f }, //775
  { 0.716057f, 0.283943f, 0.000000f }, //780
  { 0.715637f, 0.284363f, 0.000000f }, //785
  { 0.715208f, 0.284792f, 0.000000f }, //790
  { 0.714770f, 0.285230f, 0.000000f }, //795
  { 0.714325f, 0.285675f, 0.000000f }, //800
  { 0.713872f, 0.286128f, 0.000000f }, //805
  { 0.713411f, 0.286589f, 0.000000f }, //810
  { 0.712943f, 0.287057f, 0.000000f }, //815
  { 0.712471f, 0.287529f, 0.000000f }, //820
  { 0.711999f, 0.288001f, 0.000000f }, //825
  { 0.711523f, 0.288477f, 0.000000f }, //830
};
